0.0001
0.0001
0.0001
0.0001
0.0001
0.0003
0.0001
0.0001
0.0001
0.0001
0.0001
0.0001
0.0001
0.0
0.0
1.7724
0.0984
0.1024
0.0984
0.0985
0.1021
0.0982
0.1025
0.0984
0.1024
0.0982
0.1026
0.0983
0.1024
0.0982
0.1024
0.0984
0.1024
0.0984
0.1024
0.0985
0.0983
0.1025
0.0983
0.1025
0.0982
0.1023
0.0995
0.1014
0.0984
0.1025
0.0982
0.1025
0.0982
0.1023
0.0983
0.0983
0.1024
0.0985
0.1024
0.0983
0.1025
0.0981
0.1026
0.0982
0.1024
0.0983
0.1024
0.0985
0.1025
0.0982
0.1022
0.0986
0.098
0.1025
0.0984
0.1026
0.0981
0.1025
0.0983
0.1025
0.0984
0.1023
0.0984
0.1024
0.0983
0.1024
0.0983
0.0984
0.1026
0.0983
0.1022
0.0985
0.1022
0.0985
0.1026
0.0982
0.1023
0.0983
0.1026
0.0981
0.0985
0.1023
0.0983
0.1024
0.0983
0.1025
0.0981
0.1025
0.0984
0.1024
0.0985
0.1025
0.0981
0.1023
0.0984
0.0985
0.1024
0.0981
0.1026
0.0985
0.1022
0.0984
0.1024
0.0983
0.1026
0.098
0.1023
0.0983
0.1026
0.0985
0.0981
0.1027
0.0981
0.1026
0.0983
0.1023
0.0985
0.1023
0.0984
0.1023
0.0983
